#	A	R	N	D	C	Q	E	G	H	I	L	K	M	F	P	S	T	W	Y	V
P31946	0.08536585365853659	0.04065040650406504	0.056910569105691054	0.056910569105691054	0.008130081300813009	0.06097560975609756	0.12195121951219512	0.04065040650406504	0.008130081300813009	0.04065040650406504	0.0975609756097561	0.08130081300813008	0.032520325203252036	0.024390243902439025	0.02032520325203252	0.07723577235772358	0.04878048780487805	0.008130081300813009	0.044715447154471545	0.044715447154471545
P62258	0.09803921568627451	0.054901960784313725	0.043137254901960784	0.08627450980392157	0.011764705882352941	0.03529411764705882	0.11372549019607843	0.0392156862745098	0.011764705882352941	0.050980392156862744	0.10588235294117647	0.07058823529411765	0.0392156862745098	0.0196078431372549	0.0196078431372549	0.054901960784313725	0.0392156862745098	0.00784313725490196	0.047058823529411764	0.050980392156862744
Q04917	0.0975609756097561	0.04878048780487805	0.056910569105691054	0.06910569105691057	0.012195121951219513	0.052845528455284556	0.11382113821138211	0.032520325203252036	0.0040650406504065045	0.036585365853658534	0.10975609756097561	0.08130081300813008	0.028455284552845527	0.028455284552845527	0.016260162601626018	0.06910569105691057	0.032520325203252036	0.008130081300813009	0.04878048780487805	0.052845528455284556
P61981	0.0931174089068826	0.05263157894736842	0.05668016194331984	0.06882591093117409	0.012145748987854251	0.048582995951417005	0.11336032388663968	0.032388663967611336	0.016194331983805668	0.04048582995951417	0.09716599190283401	0.06882591093117409	0.02834008097165992	0.012145748987854251	0.016194331983805668	0.0728744939271255	0.044534412955465584	0.008097165991902834	0.05668016194331984	0.06072874493927125
P31947	0.10483870967741936	0.05241935483870968	0.03225806451612903	0.06048387096774194	0.008064516129032258	0.036290322580645164	0.13306451612903225	0.06048387096774194	0.012096774193548387	0.04032258064516129	0.0967741935483871	0.06854838709677419	0.03225806451612903	0.020161290322580645	0.028225806451612902	0.07661290322580645	0.04032258064516129	0.008064516129032258	0.04032258064516129	0.04838709677419355
P27348	0.09795918367346938	0.044897959183673466	0.04897959183673469	0.07346938775510205	0.02040816326530612	0.04081632653061224	0.10612244897959183	0.036734693877551024	0.004081632653061225	0.04897959183673469	0.11020408163265306	0.07755102040816327	0.024489795918367346	0.024489795918367346	0.0163265306122449	0.0653061224489796	0.0653061224489796	0.00816326530612245	0.044897959183673466	0.04081632653061224
P63104	0.10204081632653061	0.044897959183673466	0.04081632653061224	0.061224489795918366	0.012244897959183673	0.05714285714285714	0.12244897959183673	0.044897959183673466	0.004081632653061225	0.04081632653061224	0.09795918367346938	0.08163265306122448	0.02857142857142857	0.024489795918367346	0.0163265306122449	0.07755102040816327	0.04081632653061224	0.00816326530612245	0.044897959183673466	0.04897959183673469
P30443	0.0958904109589041	0.07945205479452055	0.0136986301369863	0.06575342465753424	0.0136986301369863	0.057534246575342465	0.06027397260273973	0.0821917808219178	0.0273972602739726	0.03561643835616438	0.07671232876712329	0.03287671232876712	0.024657534246575342	0.021917808219178082	0.04657534246575343	0.06301369863013699	0.07671232876712329	0.0273972602739726	0.038356164383561646	0.06027397260273973
P01892	0.10410958904109589	0.07397260273972603	0.005479452054794521	0.057534246575342465	0.0136986301369863	0.057534246575342465	0.06027397260273973	0.07671232876712329	0.03561643835616438	0.024657534246575342	0.07123287671232877	0.03561643835616438	0.021917808219178082	0.024657534246575342	0.0410958904109589	0.07123287671232877	0.07945205479452055	0.03287671232876712	0.0410958904109589	0.07123287671232877
P04439	0.09863013698630137	0.07671232876712329	0.010958904109589041	0.06575342465753424	0.0136986301369863	0.06027397260273973	0.06301369863013699	0.07945205479452055	0.024657534246575342	0.03561643835616438	0.07945205479452055	0.030136986301369864	0.021917808219178082	0.021917808219178082	0.043835616438356165	0.06575342465753424	0.07945205479452055	0.030136986301369864	0.038356164383561646	0.06027397260273973
Q9JLI0	0.05572755417956656	0.04024767801857585	0.04643962848297214	0.06191950464396285	0.02786377708978328	0.043343653250773995	0.07739938080495357	0.04953560371517028	0.021671826625386997	0.034055727554179564	0.13003095975232198	0.08978328173374613	0.01238390092879257	0.04024767801857585	0.058823529411764705	0.05263157894736842	0.02476780185758514	0.009287925696594427	0.05263157894736842	0.07120743034055728
Q9JLI6	0.08564814814814815	0.07175925925925926	0.046296296296296294	0.046296296296296294	0.018518518518518517	0.03935185185185185	0.06944444444444445	0.08101851851851852	0.027777777777777776	0.05324074074074074	0.09027777777777778	0.034722222222222224	0.027777777777777776	0.02546296296296296	0.05092592592592592	0.06018518518518518	0.05787037037037037	0.0023148148148148147	0.020833333333333332	0.09027777777777778
Q9JLJ2	0.09716599190283401	0.04048582995951417	0.04048582995951417	0.02834008097165992	0.03441295546558704	0.032388663967611336	0.07692307692307693	0.09716599190283401	0.012145748987854251	0.05263157894736842	0.07692307692307693	0.06275303643724696	0.024291497975708502	0.048582995951417005	0.048582995951417005	0.044534412955465584	0.06275303643724696	0.008097165991902834	0.02834008097165992	0.08299595141700405
Q9JJU8	0.12280701754385964	0.05263157894736842	0.07017543859649122	0.043859649122807015	0.017543859649122806	0.06140350877192982	0.10526315789473684	0.05263157894736842	0.0	0.05263157894736842	0.043859649122807015	0.06140350877192982	0.017543859649122806	0.05263157894736842	0.06140350877192982	0.06140350877192982	0.02631578947368421	0.008771929824561403	0.043859649122807015	0.043859649122807015
Q9JJZ4	0.0880503144654088	0.05345911949685535	0.02830188679245283	0.050314465408805034	0.015723270440251572	0.059748427672955975	0.059748427672955975	0.06918238993710692	0.02830188679245283	0.05345911949685535	0.09119496855345911	0.050314465408805034	0.0220125786163522	0.03773584905660377	0.08490566037735849	0.09119496855345911	0.05660377358490566	0.009433962264150943	0.025157232704402517	0.025157232704402517
Q9JK23	0.06228373702422145	0.06228373702422145	0.02422145328719723	0.03806228373702422	0.05190311418685121	0.04844290657439446	0.08996539792387544	0.020761245674740483	0.010380622837370242	0.03460207612456748	0.10380622837370242	0.058823529411764705	0.01730103806228374	0.04844290657439446	0.04498269896193772	0.07612456747404844	0.08304498269896193	0.01730103806228374	0.02422145328719723	0.08304498269896193
Q9JK38	0.03260869565217391	0.03260869565217391	0.02717391304347826	0.04891304347826087	0.03260869565217391	0.03260869565217391	0.07065217391304347	0.059782608695652176	0.021739130434782608	0.03804347826086957	0.11413043478260869	0.09239130434782608	0.02717391304347826	0.05434782608695652	0.04891304347826087	0.06521739130434782	0.07608695652173914	0.005434782608695652	0.03260869565217391	0.08695652173913043
Q9JKC8	0.04066985645933014	0.03349282296650718	0.05263157894736842	0.050239234449760764	0.014354066985645933	0.03588516746411483	0.05741626794258373	0.05502392344497608	0.019138755980861243	0.08133971291866028	0.08373205741626795	0.06937799043062201	0.019138755980861243	0.05741626794258373	0.06220095693779904	0.08133971291866028	0.050239234449760764	0.009569377990430622	0.03110047846889952	0.09569377990430622
Q9JKW0	0.06403940886699508	0.04926108374384237	0.03940886699507389	0.019704433497536946	0.014778325123152709	0.04433497536945813	0.06403940886699508	0.054187192118226604	0.014778325123152709	0.06403940886699508	0.1477832512315271	0.06896551724137931	0.04433497536945813	0.04433497536945813	0.034482758620689655	0.054187192118226604	0.034482758620689655	0.034482758620689655	0.029556650246305417	0.07881773399014778
Q9JLC3	0.06086956521739131	0.02608695652173913	0.034782608695652174	0.017391304347826087	0.05217391304347826	0.02608695652173913	0.06956521739130435	0.09565217391304348	0.05217391304347826	0.017391304347826087	0.043478260869565216	0.08695652173913043	0.008695652173913044	0.09565217391304348	0.06956521739130435	0.13043478260869565	0.02608695652173913	0.008695652173913044	0.02608695652173913	0.05217391304347826
